4 1 2 3 4 5 6 7 9
3 4 5 6 7 9 4 1 2
6 7 9 4 1 2 3 4 5
1 2 3 4 5 6 7 9 4
4 5 6 7 9 4 1 2 3
7 9 4 1 2 3 4 5 6
2 3 4 5 6 7 9 4 1
5 6 7 9 4 1 2 3 4
9 4 1 2 3 4 5 6 7

4 1 2 3 4 5 6 7 9
3 4 5 6 7 9 4 1 2
6 7 9 4 1 2 3 4 5
1 2 3 4 5 6 7 9 4
4 5 6 7 9 4 1 2 3
7 9 4 1 2 3 4 5 6
2 3 4 5 6 7 9 4 1
9 4 1 2 3 4 5 6 7
5 6 7 9 4 1 2 3 4

4 1 2 3 4 5 6 7 9
3 4 5 6 7 9 4 1 2
6 7 9 4 1 2 3 4 5
1 2 3 4 5 6 7 9 4
4 5 6 7 9 4 1 2 3
7 9 4 1 2 3 4 5 6
5 6 7 9 4 1 2 3 4
2 3 4 5 6 7 9 4 1
9 4 1 2 3 4 5 6 7

4 1 2 3 4 5 6 7 9
3 4 5 6 7 9 4 1 2
6 7 9 4 1 2 3 4 5
1 2 3 4 5 6 7 9 4
4 5 6 7 9 4 1 2 3
7 9 4 1 2 3 4 5 6
5 6 7 9 4 1 2 3 4
9 4 1 2 3 4 5 6 7
2 3 4 5 6 7 9 4 1

4 1 2 3 4 5 6 7 9
3 4 5 6 7 9 4 1 2
6 7 9 4 1 2 3 4 5
1 2 3 4 5 6 7 9 4
4 5 6 7 9 4 1 2 3
7 9 4 1 2 3 4 5 6
9 4 1 2 3 4 5 6 7
5 6 7 9 4 1 2 3 4
2 3 4 5 6 7 9 4 1

4 1 2 3 4 5 6 7 9
3 4 5 6 7 9 4 1 2
6 7 9 4 1 2 3 4 5
1 2 3 4 5 6 7 9 4
4 5 6 7 9 4 1 2 3
7 9 4 1 2 3 4 5 6
9 4 1 2 3 4 5 6 7
2 3 4 5 6 7 9 4 1
5 6 7 9 4 1 2 3 4

4 1 2 3 4 5 6 7 9
3 4 5 6 7 9 4 1 2
6 7 9 4 1 2 3 4 5
1 2 3 4 5 6 7 9 4
7 9 4 1 2 3 4 5 6
4 5 6 7 9 4 1 2 3
2 3 4 5 6 7 9 4 1
5 6 7 9 4 1 2 3 4
9 4 1 2 3 4 5 6 7

4 1 2 3 4 5 6 7 9
3 4 5 6 7 9 4 1 2
6 7 9 4 1 2 3 4 5
1 2 3 4 5 6 7 9 4
7 9 4 1 2 3 4 5 6
4 5 6 7 9 4 1 2 3
2 3 4 5 6 7 9 4 1
9 4 1 2 3 4 5 6 7
5 6 7 9 4 1 2 3 4

4 1 2 3 4 5 6 7 9
3 4 5 6 7 9 4 1 2
6 7 9 4 1 2 3 4 5
1 2 3 4 5 6 7 9 4
7 9 4 1 2 3 4 5 6
4 5 6 7 9 4 1 2 3
5 6 7 9 4 1 2 3 4
2 3 4 5 6 7 9 4 1
9 4 1 2 3 4 5 6 7

4 1 2 3 4 5 6 7 9
3 4 5 6 7 9 4 1 2
6 7 9 4 1 2 3 4 5
1 2 3 4 5 6 7 9 4
7 9 4 1 2 3 4 5 6
4 5 6 7 9 4 1 2 3
5 6 7 9 4 1 2 3 4
9 4 1 2 3 4 5 6 7
2 3 4 5 6 7 9 4 1

4 1 2 3 4 5 6 7 9
3 4 5 6 7 9 4 1 2
6 7 9 4 1 2 3 4 5
1 2 3 4 5 6 7 9 4
7 9 4 1 2 3 4 5 6
4 5 6 7 9 4 1 2 3
9 4 1 2 3 4 5 6 7
5 6 7 9 4 1 2 3 4
2 3 4 5 6 7 9 4 1

4 1 2 3 4 5 6 7 9
3 4 5 6 7 9 4 1 2
6 7 9 4 1 2 3 4 5
1 2 3 4 5 6 7 9 4
7 9 4 1 2 3 4 5 6
4 5 6 7 9 4 1 2 3
9 4 1 2 3 4 5 6 7
2 3 4 5 6 7 9 4 1
5 6 7 9 4 1 2 3 4

4 1 2 3 4 5 6 7 9
3 4 5 6 7 9 4 1 2
6 7 9 4 1 2 3 4 5
4 5 6 7 9 4 1 2 3
1 2 3 4 5 6 7 9 4
7 9 4 1 2 3 4 5 6
2 3 4 5 6 7 9 4 1
5 6 7 9 4 1 2 3 4
9 4 1 2 3 4 5 6 7

4 1 2 3 4 5 6 7 9
3 4 5 6 7 9 4 1 2
6 7 9 4 1 2 3 4 5
4 5 6 7 9 4 1 2 3
1 2 3 4 5 6 7 9 4
7 9 4 1 2 3 4 5 6
2 3 4 5 6 7 9 4 1
9 4 1 2 3 4 5 6 7
5 6 7 9 4 1 2 3 4

4 1 2 3 4 5 6 7 9
3 4 5 6 7 9 4 1 2
6 7 9 4 1 2 3 4 5
4 5 6 7 9 4 1 2 3
1 2 3 4 5 6 7 9 4
7 9 4 1 2 3 4 5 6
5 6 7 9 4 1 2 3 4
2 3 4 5 6 7 9 4 1
9 4 1 2 3 4 5 6 7

4 1 2 3 4 5 6 7 9
3 4 5 6 7 9 4 1 2
6 7 9 4 1 2 3 4 5
4 5 6 7 9 4 1 2 3
1 2 3 4 5 6 7 9 4
7 9 4 1 2 3 4 5 6
5 6 7 9 4 1 2 3 4
9 4 1 2 3 4 5 6 7
2 3 4 5 6 7 9 4 1

4 1 2 3 4 5 6 7 9
3 4 5 6 7 9 4 1 2
6 7 9 4 1 2 3 4 5
4 5 6 7 9 4 1 2 3
1 2 3 4 5 6 7 9 4
7 9 4 1 2 3 4 5 6
9 4 1 2 3 4 5 6 7
5 6 7 9 4 1 2 3 4
2 3 4 5 6 7 9 4 1

4 1 2 3 4 5 6 7 9
3 4 5 6 7 9 4 1 2
6 7 9 4 1 2 3 4 5
4 5 6 7 9 4 1 2 3
1 2 3 4 5 6 7 9 4
7 9 4 1 2 3 4 5 6
9 4 1 2 3 4 5 6 7
2 3 4 5 6 7 9 4 1
5 6 7 9 4 1 2 3 4

4 1 2 3 4 5 6 7 9
3 4 5 6 7 9 4 1 2
6 7 9 4 1 2 3 4 5
4 5 6 7 9 4 1 2 3
7 9 4 1 2 3 4 5 6
1 2 3 4 5 6 7 9 4
2 3 4 5 6 7 9 4 1
5 6 7 9 4 1 2 3 4
9 4 1 2 3 4 5 6 7

4 1 2 3 4 5 6 7 9
3 4 5 6 7 9 4 1 2
6 7 9 4 1 2 3 4 5
4 5 6 7 9 4 1 2 3
7 9 4 1 2 3 4 5 6
1 2 3 4 5 6 7 9 4
2 3 4 5 6 7 9 4 1
9 4 1 2 3 4 5 6 7
5 6 7 9 4 1 2 3 4
